,Datum,Öffnen,Max.,Min.,Börsenschluss*,Berichtigter Kurs**,Volumen
0,20. Nov. 2020,8528,8610,8458,8536,8536,12.087.334
1,19. Nov. 2020,8239,8564,8172,8554,8554,49.941.200
2,18. Nov. 2020,8301,8396,8222,8254,8254,29.968.000
3,17. Nov. 2020,8393,8481,8291,8336,8336,29.473.500
4,16. Nov. 2020,8121,8378,8048,8373,8373,38.640.800
5,13. Nov. 2020,8273,8311,8070,8143,8143,30.423.200
6,12. Nov. 2020,8132,8300,8030,8184,8184,37.242.600
7,11. Nov. 2020,7939,8147,7897,8128,8128,44.611.300
8,10. Nov. 2020,8193,8213,7763,7799,7799,67.137.200
9,09. Nov. 2020,8424,8705,8277,8312,8312,58.580.700
10,06. Nov. 2020,8352,8609,8267,8588,8588,53.829.900
11,05. Nov. 2020,8327,8350,8185,8300,8300,46.542.300
12,04. Nov. 2020,8025,8185,7897,8135,8135,66.579.700
13,03. Nov. 2020,7493,7708,7460,7658,7658,41.231.800
14,02. Nov. 2020,7585,7634,7376,7470,7470,45.760.700
15,30. Okt. 2020,7709,7770,7423,7529,7529,51.349.000
16,29. Okt. 2020,7675,7918,7629,7802,7802,52.784.100
17,28. Okt. 2020,7873,7896,7576,7640,7640,76.529.900
18,27. Okt. 2020,8200,8237,7757,7888,7888,156.669.500
19,26. Okt. 2020,8255,8497,8086,8223,8223,69.423.700
20,23. Okt. 2020,8093,8199,7933,8196,8196,46.557.700
21,22. Okt. 2020,7965,8082,7842,7942,7942,38.006.800
22,21. Okt. 2020,8172,8193,7919,7920,7920,36.426.400
23,20. Okt. 2020,8216,8269,8058,8156,8156,38.219.400
24,19. Okt. 2020,8362,8465,8153,8200,8200,36.689.100
25,16. Okt. 2020,8354,8399,8241,8317,8317,31.474.300
26,15. Okt. 2020,8340,8472,8242,8313,8313,33.696.400
27,14. Okt. 2020,8586,8596,8346,8421,8421,40.446.700
28,13. Okt. 2020,8486,8609,8397,8528,8528,42.764.100
29,12. Okt. 2020,8365,8513,8312,8429,8429,47.669.700
30,09. Okt. 2020,8474,8575,8235,8310,8310,80.354.400
31,08. Okt. 2020,8811,8872,8595,8651,8651,54.240.700
32,07. Okt. 2020,8610,8779,8565,8669,8669,43.045.700
33,06. Okt. 2020,8621,8725,8354,8448,8448,52.725.400
34,05. Okt. 2020,8255,8628,8255,8615,8615,47.056.500
35,02. Okt. 2020,8258,8465,8166,8180,8180,52.855.100
36,01. Okt. 2020,8306,8525,8286,8486,8486,52.177.100
37,30. Sept. 2020,8175,8294,8066,8199,8199,51.479.700
38,29. Sept. 2020,7930,8255,7930,8177,8177,61.568.900
39,28. Sept. 2020,7912,7957,7752,7948,7948,48.005.500
40,25. Sept. 2020,7635,7820,7467,7806,7806,48.206.200
41,24. Sept. 2020,7454,7725,7390,7582,7582,57.540.900
42,23. Sept. 2020,7739,7791,7434,7473,7473,42.327.500
43,22. Sept. 2020,7836,7879,7527,7770,7770,56.044.700
44,21. Sept. 2020,7423,7798,7388,7794,7794,61.312.000
45,18. Sept. 2020,7700,7740,7385,7493,7493,51.082.900
46,17. Sept. 2020,7488,7663,7420,7655,7655,55.619.100
47,16. Sept. 2020,7935,7972,7654,7666,7666,38.393.500
48,15. Sept. 2020,7766,8033,7597,7893,7893,57.874.400
49,14. Sept. 2020,7680,7882,7626,7790,7790,47.448.700
50,11. Sept. 2020,7982,7999,7504,7634,7634,54.763.000
51,10. Sept. 2020,8307,8331,7838,7898,7898,51.499.400
52,09. Sept. 2020,8140,8244,7928,8191,8191,54.163.900
53,08. Sept. 2020,7805,8188,7800,7869,7869,54.955.700
54,04. Sept. 2020,8145,8439,7633,8201,8201,82.267.800
55,03. Sept. 2020,8784,8847,8159,8254,8254,87.462.700
56,02. Sept. 2020,9401,9428,8874,9022,9022,50.366.900
57,01. Sept. 2020,9192,9251,9019,9218,9218,56.117.100
58,31. Aug. 2020,8505,9264,8505,9082,9082,90.655.900
59,28. Aug. 2020,8430,8604,8419,8555,8555,40.723.300
60,27. Aug. 2020,8635,8658,8294,8380,8380,42.194.200
61,26. Aug. 2020,8697,8772,8520,8602,8602,47.157.300
62,25. Aug. 2020,8336,8662,8235,8635,8635,49.234.400
63,24. Aug. 2020,8455,8533,8255,8308,8308,38.036.100
64,21. Aug. 2020,8329,8441,8223,8381,8381,48.280.300
65,20. Aug. 2020,7974,8284,7912,8277,8277,42.948.900
66,19. Aug. 2020,8178,8185,8045,8109,8109,37.507.400
67,18. Aug. 2020,8280,8288,8103,8166,8166,30.970.500
68,17. Aug. 2020,8209,8306,8155,8242,8242,31.450.200
69,14. Aug. 2020,8181,8324,8088,8130,8130,42.389.500
70,13. Aug. 2020,8288,8402,8154,8184,8184,57.407.400
71,12. Aug. 2020,7843,8288,7755,8261,8261,88.607.800
72,11. Aug. 2020,8071,8071,7610,7688,7688,77.877.700
73,10. Aug. 2020,8505,8516,7932,8224,8224,70.536.100
74,07. Aug. 2020,8667,8729,8267,8485,8485,66.498.000
75,06. Aug. 2020,8549,8698,8478,8671,8671,53.961.700
76,05. Aug. 2020,8496,8632,8332,8531,8531,65.737.300
77,04. Aug. 2020,7803,8581,7799,8504,8504,155.676.100
78,03. Aug. 2020,7819,7850,7706,7767,7767,42.628.800
79,31. Juli 2020,7867,7896,7536,7743,7743,71.699.700
80,30. Juli 2020,7537,7896,7507,7820,7820,80.286.900
81,29. Juli 2020,7550,7719,7390,7609,7609,132.969.700
82,28. Juli 2020,6810,6980,6702,6761,6761,94.181.400
83,27. Juli 2020,6928,7163,6779,6897,6897,107.918.100
84,24. Juli 2020,6418,6994,6405,6940,6940,205.314.500
85,23. Juli 2020,6163,6233,5863,5957,5957,106.829.100
86,22. Juli 2020,5707,6200,5697,6179,6179,135.159.400
87,21. Juli 2020,5781,5850,5632,5700,5700,44.800.700
88,20. Juli 2020,5523,5753,5483,5746,5746,45.034.300
89,17. Juli 2020,5531,5581,5468,5504,5504,34.710.400
90,16. Juli 2020,5468,5515,5374,5492,5492,36.887.100
91,15. Juli 2020,5496,5537,5359,5534,5534,42.360.300
92,14. Juli 2020,5330,5486,5226,5472,5472,54.890.100
93,13. Juli 2020,5668,5835,5338,5359,5359,57.741.800
94,10. Juli 2020,5754,5815,5551,5588,5588,59.839.700
95,09. Juli 2020,5352,5758,5331,5726,5726,87.216.300
96,08. Juli 2020,5301,5347,5207,5343,5343,35.608.300
97,07. Juli 2020,5328,5417,5286,5293,5293,32.153.100
98,06. Juli 2020,5290,5352,5233,5340,5340,36.769.400
99,02. Juli 2020,5303,5319,5205,5234,5234,29.081.400
100,*Um Splits berichtigter Schlusskurs.**Um Dividenden und Splits berichtigter Schlusskurs.,*Um Splits berichtigter Schlusskurs.**Um Dividenden und Splits berichtigter Schlusskurs.,*Um Splits berichtigter Schlusskurs.**Um Dividenden und Splits berichtigter Schlusskurs.,*Um Splits berichtigter Schlusskurs.**Um Dividenden und Splits berichtigter Schlusskurs.,*Um Splits berichtigter Schlusskurs.**Um Dividenden und Splits berichtigter Schlusskurs.,*Um Splits berichtigter Schlusskurs.**Um Dividenden und Splits berichtigter Schlusskurs.,*Um Splits berichtigter Schlusskurs.**Um Dividenden und Splits berichtigter Schlusskurs.
