,Last Price,Change,% Change,Volume,Open Interest,Strike,Last Price.1,Change.1,% Change.1,Volume.1,Open Interest.1
0,78.48,0.0,-,232,4276,5.0,0.04,0.01,+33.33%,2,6653
1,74.86,0.0,-,1,448,10.0,0.07,0.0,-,5,988
2,69.01,0.0,-,5,320,15.0,0.12,0.0,-,36,978
3,68.35,0.0,-,22,307,18.0,0.15,0.0,-,7,3748
4,65.5,2.33,+3.69%,1,3691,20.0,0.22,0.0,-,33,990
5,61.0,0.0,-,4,333,23.0,0.35,0.0,-,3,425
6,59.0,0.0,-,1,6448,25.0,0.34,0.0,-,1,5209
7,56.0,0.0,-,1,129,28.0,0.54,0.0,-,3,721
8,54.0,0.0,-,3,3604,30.0,0.66,0.0,-,12,5589
9,54.99,0.0,-,1,135,32.0,0.85,0.0,-,584,1735
10,51.5,0.0,-,5,1330,35.0,0.95,0.0,-,15,5633
11,49.5,-0.67,-1.34%,2,504,37.0,1.41,0.0,-,2,1377
12,46.95,0.0,-,35,5006,40.0,1.42,0.0,-,152,3522
13,41.83,0.0,-,7,548,42.0,1.74,0.0,-,37,759
14,40.8,0.0,-,14,3575,45.0,2.24,0.0,-,155,2581
15,39.65,0.0,-,7,1348,47.0,2.59,0.0,-,13,1719
16,39.0,0.25,+0.65%,6,5739,50.0,2.95,-0.2,-6.35%,43,11360
17,35.04,0.0,-,15,1250,52.5,3.7,0.0,-,23,5144
18,35.0,0.0,-,11,3080,55.0,4.2,0.0,-,23,4658
19,33.26,0.0,-,5,391,57.5,4.9,0.0,-,13,2062
20,31.7,0.14,+0.44%,10,5649,60.0,5.8,0.0,-,17,11583
21,29.1,0.0,-,1,690,62.5,6.5,0.0,-,14,4119
22,28.38,0.48,+1.72%,33,5081,65.0,7.6,0.0,-,38,3945
23,25.5,0.0,-,1,231,67.5,8.6,0.0,-,12,1697
24,25.55,-0.24,-0.93%,3,10010,70.0,9.25,0.0,-,47,4725
25,23.0,0.0,-,5,345,72.5,10.5,-0.25,-2.33%,100,2073
26,22.77,-0.08,-0.35%,4,4702,75.0,11.8,-0.2,-1.67%,3,12204
27,22.0,0.65,+3.04%,7,543,77.5,13.25,0.0,-,10,637
28,20.35,-0.15,-0.73%,8,9063,80.0,14.36,0.0,-,17,5185
29,19.0,-0.12,-0.63%,12,1333,82.5,15.7,-0.3,-1.88%,2,1811
30,18.45,0.05,+0.27%,7,5305,85.0,17.25,0.0,-,26,1306
31,17.45,0.38,+2.23%,3,737,87.5,18.8,-0.7,-3.59%,2,202
32,16.29,-0.01,-0.06%,15,25271,90.0,20.4,-0.6,-2.86%,3,673
33,15.6,-0.1,-0.64%,1,489,92.5,22.0,-1.1,-4.76%,2,19
34,14.8,0.13,+0.89%,9,728,95.0,23.65,-0.75,-3.07%,1,1339
35,14.1,1.3,+10.16%,1,83,97.5,25.35,-2.4,-8.65%,1,255
36,13.0,0.3,+2.36%,10,11438,100.0,28.07,0.0,-,2,39
37,11.6,-0.2,-1.69%,5,2637,105.0,33.4,0.0,-,3,117
38,10.45,-0.05,-0.48%,7,5932,110.0,39.2,0.0,-,4,365
39,9.5,0.1,+1.06%,2,1358,115.0,45.85,0.0,-,1,25
40,8.37,-0.06,-0.71%,8,3957,120.0,43.0,0.0,-,10,18
41,7.7,0.14,+1.85%,2,794,125.0,51.85,0.0,-,21,21
42,6.95,0.0,-,457,2481,130.0,55.12,0.0,-,10,19
43,6.2,-0.05,-0.80%,6,754,135.0,64.1,0.0,-,1,129
44,5.6,0.05,+0.90%,23,22114,140.0,60.73,0.0,-,2,332
